...38-

jutalmak 1111111111 1111111111, 11 111111111111111 1111111111111111 11 111
1111111111 1111111111, 11111111111111111111111 1111111 1111 11111111-
11111111, hogy 1 1111111111111111 1111111 11111 vagy 111111111111111
1111111111111111111111111111111111111111 111111 11111 111111111111111
1111111111 111111 1111111111 11111111111111111111111, 1111111111 11111111-
1111 Veni Sancte 11 11111111, az 11111111111111111111111111111111111,
11111111111111, 1 11111111 1111111111, 1111111111 11 1111111111.

Ily egyetemes 1111111111 1111111 11111111111111111111111, 111111111
11 11111111111111111 11111 1111 1111 1111111111 1111111111111111111111, ’
1111111 1111111111 1111111 1111111 1111111 111111111111111111111111111 111111-
1111111. 1111111 11111 1111111111111111111111111111 11111 1111111111 1111·
111111111111111 11111111 1111111111.

A latin 11 11111 11111111 111Π1111111111111111111 1111111111111

1111111111111, 1111111111ι11111111Κ111111 81. 1. 1600 111111 111111111 11
11111111 111111111111111Η111111111111 11 1111111111, Μ11111111111111 11.
111111111111 1000111111. A 11111111 11111111 11111111111111111111111
11 11111111111111111111111,1111111111111111 11111111 1111111111 1111111111111
Η111111ὁ1 11 11111111 1111111111109-300 11111111111, 1. m. Ferencsik
11111111. 300, 8111111111111. 200, 1111111 111111 11. 200, 1111111 11111
. 11. 150 11111 1- 11111. 1111111111 11111111. 1111 111111111 Η11111 011111111-
11111 111111111111 ’100 1111111.

Nem 11111111 11111111111111111111 111111 1111111111 1111111111 111 1 VII.
11111111111111 1111111111, 111111111111 1,. 111111 1111111111111111-
111111 111111 11. 111111111 11 11111111111451111Η11111111, 111111111111 KA-
1111 (11111 81. 1. 25, 81111111 Β11181.1.111111; Η111 111111 1111 11111111
11111111111011111 1111111 111111; Μ1111111111111111. 11111 1111111 1111111111,
1111111 111111 11111 1111111111 1111111111( 11111111111 111111111111ε 11111111
1111111, Μ11111111 1111181. 11., Nyiri 111111 81. 1. 11 Ρ11111 11111 81. 1. —-
2. A g0r0g nyelvben: 811111111 111111 1111111111 111111 111111111111-
11111111, 11111111 1111111111 1111111111111 1 1111111111 Η11111111 11. 111111
1111111111 11111111111111 11 11.-1111111111 11 1111111 1111111111 111 111111-
111; 1111111111111111111. 811111111111-111111 3111111111 1111111111 11 111111-
1111 1111111 11111111111111, 11111111 11111111 1111111 2 11111 111111 111-
111111111111111111111111111111111111111111
12111, 111111111111811111, Κ11111111111181. 1. 11111 11111111111111 111111
1 11111 1111111111 11111 1111111111 Η1111111. 1. 101111 11111 1111111111111111.

8111 1111111111 1111111111 1 11111111 1111111111 1111 1111111111111
1111111 11111111. A 111111111111111111111 11111111111111 1111111111 11111111
1111111111111111111 11111111; 111111111111111, 11 1111111111111111111 11111,
11111111111111111111, 1111111111 1111111 11111111111111111 111111 1111111111·
11111111; 1111111111 11111111111 1111111111 11111111 111111111111,11111111111
1111111111111111111111111111111 11111111 1111111111 11111111111111111 1
11111111111111111111111111111111111, mint 1111111111 1 0111111111 1111111-
1111 11111 11111111. 1111111111 11111, 111111 111111 1111111 111111 1111111111-
111 1111111111111111 11111111 111111 111111111111111 1111111111 11111111 : A
11111111111111111111ε 1111111Ρ111111., Mikovieh Lajos, Niezky
Κ1111111 811- A 1111111 11111111111 Β1111111111181. 1., 1111111
111111, Heinrich 11111181. 1., Hoffmann Gyula, 11111111111111111, 111111
111111 11., Κ111111 (11111 81.1.,1111111111 ’11111 81. 1., Μ1111111 1111111 11.,
Nyiri 111111 81. 1., 111111 11111 81.1.,Β. 8111111111 111111 81. 1., 81111 111111,

 

