·-31.-

31113, 3 3331131133 13313113 1311311331 1311111131 11311311) 1331113331311311311331,
1111), gssmb 1111131111 1311131131133. 8111333 1111113 1111111133311111311113111311111 a

1331133133.
Testgyakorlfis. 111111 31311111333111111311.

------.-------

1111. 3311311.

0311311113 1133111111111111.

1311131311. Η311 8 (113, 33133 31165113. Τ31131ι 1313331311 113133.
’1311113111 1113331311, 111311. 3311133 1111111313. Eget 1880. Tau-
311 y ag: Az egyhstztfirte'nelem 3133131313 3111131 1133331133. Α 13133311313113
311111 1111831313311111133111131133 13111 13331133133111311. 113 33111133 3131111-
131333, 3131131133 &s 11113131133. 11333111131333111311311333111113113111131.
113 3311133331 31111131 birodalomban 13111311311131131133 3 313133311111131131
111111311331111113- e's ΑΖ31311311.11333111131113111 313311131133 3 viszontagsn'tgah 3
papa politikai 1131311113, 3111131 jogosultslzga 3 1111131111 313313331131311111311 3, az
31111311 131311313111133111131. 113 3313133133 3311131311. 1313133133 13111131. Α
1113133133113111113 3 33 31131 13313113·ξὸ 3 3 ,11311113 13131133311 13113313131313131.
1,)311331113111113, 1311131113111313113, 1333131313113 31313111331311111113131313. Α

’ 333131113113311131113131.

’ 1133131· 111311. 11311 3113, 33133 dvi 98 dra. 13111111 11331111111111111.
13111111 yv: 3) 1116111 Bona, 1131131311 1111111313. 8111133331. 1876. 1)) 8313111111
113331, Magy. 1131131131 131111111311131. 1131133331. 1876. Tananyag: 111113-
gyar 1131313131, 11113, fij 13 1331113111] 13131111311311113111311 1113133311 3
111311 113131 1111133111 3111111 3 11313111 11331311 1333113111311313111 31331111 3311
3 11131133111313311 1113331311 111131 13131113131131 13 31113331111111111; 1113111-
1311111 3 311131131311111333131 1113313133 13111113. 13111131113111131131111113113
1131313113 11313333 11111111, Η31131,11111131, 1111131313 8133311113, - 33111111
1331111111, 1111111, (1113111131, 1131111113 1113131111 1133311313111131,1131131111
3 1131131311 133131113όὲ11 1311131131133131. Alegujabb 11311131 1113131311, 3 131
11311311 111113311131 31111313113333 1131111111 1311131133111331111 11313133, 13331111 ·
1111131111 131113131131131 1113131111. - 8111113111 3133313331 31133131 3Ζ1ἰ-
3113311111131113111 majam Κ1313111111113113)ό1ὀ38111131)11; Katona Β3111-
11311111. - E 11111111111111311 1111111 11111131 1131113111111131111131113111. 11131 gya-
131131111 131 1131311111 11111331 ds 11111ὅί 31311133.

11111131 111311. Η31121113, eg6sz 111 59 1113. ’131111ε 113113 Ede.
1331111111 3) 831111131Η.,Ν111113111311313111. Budapest. 1871. 1))11331113,
Iphigenie 3111 Tauris. 1111113131 1819. 3) 1113111, 11111131. 1113111311. 6. 1131113.
3111333311816. Tan 31113 g: 3) 1111, 1131111 13 11]· 13131 11111131 1131131313
1111111313. Β3133311311 3131111311 3311 13113 11131131 1333311311111, 1111313311 ’
3 11311131 1113111131 33111333133111. Az 111131· 1113111111 113111 tartalmilag
targyaltuk 3 11311113111311 3 3 113313111113111111, tartalmilag 13 31311133 3
Hildebranddalt. 113111 13113111 1311113111313311311,1333331111 11111133 ’113
13131131113313133 3 1133131311 831313133133133. Α XII. 3313311 1111311111-
1113111111 1161311133 131331131111 31111ῃὸ1131, 33333311111111131,3Ρ1111113-
1113111111, 13111111131133131133131131111, 3 3113111. 81113 1113111111 3 Ι1131113111
3311111 1333111131 131333313131, ugyszinte‘n R6ther 11111111, 1111131 hermog,
8313311311. 81111131 113111. 1133131111) 11111113131113113111113311, Gudrun 13
wolfram Parzivaljzinak 133311311311111 e's 1131131131 1111131131ηῶ. 11131133

 

