-20„.

3333333331( 3333131. Ε 3133313313 33133333 3 33331 33 3 133311331333133133131-
1313,331.;11333131331331; 3133113313313133113. 113333 33113131 13331131313331-
13333 (1333331313 Sz. 1333313 11133 313333 13333131, (133333 33133 Το333Μ113313-
131, Τ31311Μ1131ό3 31331313 33 31333331, Τ3131133133313313333313333131 3113. Α3
1333331133133331313 133333 3333331- 3 3333313333 3133333; 333313 3 33333
1331333311 3133333133313 33313331 33311333, 1313113131131 3 1313331333- 3 3 js> i
magyar 3131313333. “

Latin 333313. Η3117 333, 33333 331253 333. Tanaim 1133113111133333.
1133133333 3333331-1133133331, Latin 3131313311. r. Tananyag: A 3331331333
31313133 133311333 331131133313131333313 131133 1313333333 133133, 3333131333,
3333333113 3 131333 13313 1333111333 13331131 1333111313 3313313 3311331- 33 1333331-
3333313313 13333333 3 3333133333 331313333313313 1133111333. Α 333333 13133131
331333133313311 3313333131( 133333 3 33313133 13313313 3333331333 3311 3331333,
3333 3133133333 3313131333, vagy, 1331333333 331313131313331, 3 333333 333333·
1311133 33331333 333333.

1131313333. 11311 1 333, 33333 331 113 333. Τ3333τ Τ1331133333313333.
3331333333 111333133-1133333, 1133313333 31131331, Ι. 33 11. r. ’133333 a g:
113333-1133333 33 313313313- 33 1333333333, 3311111311313331333, orszfigai⁴
3311331313, 1333333311 13133331, 33331331( 3311333, 13333133333, 1331333131 1
33131331, 33333313331313 3333331.

3333133. Η3111ό33, 33333331133333. ’113333 1133113111 13333.
’1331333 33ε Dr. 1331133Ν33333,11333333333331313331. 13331. Tan any ag:
3313331331 3333113331( 33 3331311311 33331333 3133131313; 33 3333333333 33 33
3333313131; 33 3333313131 31131333333; 33 3333333331 33 333331311 1333333 333-
13313; 33 31333 3333331331 3331; 33331311 33333133; 133333333313. 113 13333311 1
(1313331313 1313333133 33333 3331313331 13333311313313 33333133133333 3 1331331333
331331333331 3311 1313313131( 1333331313.

11313313 geometria. Η3113333, 33333 3311011333. Τ3333ε 11331-
1333333 13333, Tan k 3 33 3 v: Mayerhoffer-Wagner‚ 11333313 3133333133.
Tana 3 yag: 3113333133, 31333313, 333113, 3 3331331333 1331313 3333131333 133133·-
13333113, 313113 3333131. A k1‘1p‚ benger, 33313. 11333 13133313 133131. Α 1331313 131-
33133 331331313313133; 3333313331 3333311311- 33 3331331-3331331131333. 1133333
3333113 3111333331( 333131 313131 333333.

- 83331333. Η3111333. Τ3333; 113311311113333. ,

3331333133133. Τ33333ε Κ13333 Ρ3133. 1133333333 3331333333-
13331311 31133, 33333, 3333133, 13133. Rendgyakorlati 1333333133, 131333, 33133· 33
311333333133. 113333 33 1331133 3333131333 3313 333133, 33313333333133313, 3333313131
3313 3331331331.

——---—-——-——

33. 3333333.

0331313133313113331103.
ι

1131133133. Η3112 333, 33333 33165 333. ’13333 113113 13333. 'Pan- 1
13333313 3311331 133331313113333. 13113333 Alajos, Bibliai 13313331. Tan· 3
3333 g : 3) Β33333133; 113 331333 3333313331 33 333331131333331; 3 1311331; 33
apostoli 1311331133331. b) Α3 3 33331333.

1133333 33313. 11311 3 333, 33333 331 95 333. ’13333 1113113 13333.
Τ3313 3 3 33 : 3) 111333-Μ3333, Magyar 33313133. b) 3333331331 J ., 0133333331(

ΠΙ. k. 1133333333 a) 3133331133 33 1333113333133331133333 133333131331333
33313331 3331331313 3333331333 33333133. b) 0133333331331331311331313133

 

