..42-

110000000110 (106100 00001. 10000 5 101. -- 1161. dr. Vitrosy 00010 00 10 101.
-10000 6000100100οἰ1101011011-Τὸ0100 000001001οὀ 30 10.- N gos. 11100001·-
10011001011 1101601001ηὸ 500-1100011011011011Ρ111 10· 10 01. -Το10 dr. 000106
11010000 10· 3 db. 0100000-0010 00110000-0000000 00101100116060000 01010-
00061. -11000 Κο001101001110-110011100611011106 (110000 00000010 10101001. -—
111011. 00 161. N 001111 10000 01100610 01· „Kri 0 0100 1111000000* 1010000000(
ke't (1100001000001. -061, e's 1011111. 11001101( 000010000000001. 1111100011· 10·
0100110010100110101010000010οἙ - 1161. 1100001100 Andor' 01·
,111000 01 1160001110] bbkf‘ 1010100000 meg 61101 0 0010 00000101 00 00001
0010000 00000, 110011 1100101010ῐο 0111001011.

0111001011 0000100000 Mariana 101100 0110001000010101111 0000101116 06-
0001111600 Nme'lt. e's 161. Ρο01οῑ 00101 ,160001000οῑ, 001011.Ι 00 fist. 00100110
601000 0000001, 01011, 00 ft. 1110010001010001101000010100001, 10010. 00 ft. dr.
Sehopper 600100 1000061 000061( 0101001.

1))01100100001100000001000161100010010οῑ’1011Ι 0061100016
0011100111100000001 0000101000οῡ 11010 mult 6000001 00001. 2000 10000101·
1010116116 0010101 0 1001016100, 00010001( 00 111101 1000011011 0000101106 1110100000οῐ.
11000 11011000 110 01010001( 0111000101 10100 0110101060001600010100010001100001 vi-
00110, 1100001 00000 0160001000000001 10101000 00001 10100101100001110001 0001·-
100110 0000000061) 1011010100001001( 0100001000ῑο 50 01. 0100100000 01101 1100000- 1
kedett; 0 01010 0000001161 3 1000011111 0000006001( 001000 6110001 ruha, 00 161111010-
nel< 1011 10100 00 1160001000010-110000110 0161100 1001100100 0 0000000 1000-
16110010101000 30 00, 1001001000 00010100 061006 00 1000006000 1100000 ,10110-
1011. - 11010001 11011 itt 0000000 1000161011 0610061 10010100000116100 0000001·
urat, 1101 0100000016 1010001111 001101006000101001010110100111001, mett: 0011.
00 11. 001000001110000 00100. 0000610 00 1, 0000. 00 11.80110010110000 11000
001( 10 0010100 1, 0000. &s 0. Ηο0110000 11000001( 10 3, 0000. e's 0. 11101010
110100110οο0οο 10 001110 3, 0 00000111) 0100000016 10100016, 0111001111 0000000111
10100013, 0010000000001061 00000011 0611010010 2, 00 11001000 00011101(
1101001010 10 2 000000 0 100016110101 101100 010100000001.

110 nemos 00111011 mas 111001 01011000 10 1011111011 000οὁ 1111001610·οε 1010.
00101010 00000016 066000100001600100000 0001100011 be 11000110 00 000 101000
6116001 00101001 110000110010100 meg egy 0000000 1000161. 0011. 0000 00000000
010100000010000000-0010001011 1010001010001100 1601) 0000000000] 0000600000,
00 majus 11001000 000 0001010001( 00011 1161100000 000 101000 1000001 01010 110001-
0011, 000 0100111 0001010 1000001 0111001100 001110 0010100 1601110101 0110100000οο0.

061 00001100 1010000000οη 10 0010 0011100101 vert a 0610000000 0001100016010 ¹

' 0000010106106001. 0010011000οω 0000010 010101 00 0161001 00011000, 000 00
111001οι 1)6ὃ1100100(10100000001100001 0000190100000 100016 0110010100, 01010
0 J. t. 1001111001)οη 101000 01010101 kap, 2) 0100011 1011010 116000011οϊ 00 1060000010οῑ
0000 0000010001)οη 0011010110000000000 (1001001011 javam, 3)11000000001101
000001000101011001100011500000000101001100010000000110006100060010100010.

11) J u 101101 ad om 0 0 0. 11000. 1010 Μ111160 1160- 00 01110 0000011 61·
0 Ηο0000100001611000000 0000 00600 10 1011110. 00000011 0100001000000000011
0000 00011061, 11000 00 00060000101600100001001111606 1000161 11601 ’0 t. 100001
kar 00100 00101000 0001101 00 000000001010001000610. (101011 01001001) 0 66. 10001).

Α 0000000010 060000000610 1000110611 00000016001010
1101001101 00 1001001600116000001001101.

6. 0000160000οιιί 00000100010101000000111010001000000 ; Βο0000-
Photometer. - 1001060100οὂωο 0000010110 0 011100οο0 11000101001100. -
Bohnenberger-Elektroskop. - 000010101-001οι·100101.-Βο10-0111000600.-

 

