-11-

66 1311113333 33113313; -3J P61i6666l 3111113313 601313 1313331331’ 33 1313333131
1113133;- -11 111113133113313311111-1313 3131- 31333 33;-1331 51Η31133111
3131131111-31313331331133133

Βο11131313 1113331133333311313331113113313313111113113 1111313111133133
13133313331 31131 1133 113333350133331133111131313 3331331313 33131331 3313-
1331131131131331113133 31313333 33 313333133333 33313333331133 33113331-1111133-
3331131331, 1331131 3311133133 3 3333313131· 1131313111 1131 31331 3111311313-
, 1133 133333311313333333 33313. 1113113133313333333111131 6 31113313 1613311333
officinalis, CalJ66J6‚ 131113, 3333331333) 1131-31331113 33 113133-13313
1111333313 1131131131 3331111333 1311133131. - A 3313311311113-113131 (81311311
13311133, 331313311311313113333) 31331113 1313311333 8 33133333333131111333133131.
-113333111 (Β131313333113113133133) Α1113313131131.- (131313113113131 (1333-
31111133 (13131333113131133113131311311131333111131131. - 11311313313-11313131
(11113313 113133313313, palmatum, 3111313313) 1113331131 33 011133 331111 33133313-
3 311131, 3311. 3331.

y 11313113311311131131333181 31331113313331313331313313131331331111333-
11318313111313,13133-1311131331 33 31331113311313131311313131133131313313331311
33 3333331331 37 3313311113 31 31333313133 3 3 11111 3313331331.

113331 13113311. 333133113131131 11333311 1131333 3133113331-113131113-
3131123331311313333333333111111333. -

Ν133. 1131113311 3311111113 33133 31 111133 13133 3313333313133.

Ν133. 31113111 13333’ 31 331111 3331331311 3311133331 (1331113331) 6661
11133313 311113313333113331-331313133.

Ν133. Β13331 Κ311333 331113133 313113 31· Β311311331111 3313111313 1111313
1313131331 1311 33313313131.

Τ31. Β3111311 1131311 3111333’ 31 03333313313331311113311311 133313331-
31313133,

11. 331331-111311·13313331113133 1131311333333331 Η11113311113-
1311 1131Η113-1313111 331313Β33111313333 11. 3331113111 pl666006' 31 11131313
33311 131333131131.

138331331131333113133131 1131133333-1113313333’3111313133 Pyrolusit
6ld6nJ6ival.

p 11331111 13333 131113333331313311331-11311133131131’1333 1111313131.

111. 111133-3-1111133133311131313133313333331133131313333133333τ
11313. 3333133. 1113113 33333 31131 1313333 1113113131311 311331 113111131331133-
331. 813111 113133 13113 3313313 31313 33331· 3131131133313-,133-331.1131311
33331311113111113113 1133311 3313133313-3,--3.31 Η3311 Μ33111313 3111. 3113-
113313 331331’ 31 3113333131 311 1131113313,- 331 Ν1311 Ρ33 331 11333111 131133 111
311 11313111· 13133- 331. 1131333113 3313131333 311 ciconia 31113- 13311 311133
3331131·133,-.331. 11313313 113 3313133113131311333 1113 6 131311 31113 3111133333,-

331. (113111 Η33111 3 11333-131113131331 1331333313 133 311331313 1131311113 311 3111111-
133 33331333, -33.1 8313313311331131311333131131333333113113-3,-331.
1113331Ρ33313331333’333131·3131333 13133 31331 13113133,- 3Μ3 1113131· 131331
33333333 33 31 31133111, 33333 13131 131131· 661· 060 S F. 1311331 ur
Η1111311331331313Ν3113. 1111. Β3331·3’111-33 33113133313131331’ 33 3311333131333

3313131111 3111131313 1111331313 13113133’ 33 3311 1313313133 3313 -1113131 31313 V
3333. 3331331131 33113313 331311 3113333 3333 1333333113.

0) Adom6nyoka Μ3113- -11111313133 3333113313. Α 0011-

11313313 3131331333 33331131331, 3 1113113 13133133133313 33 6 1131113133
1313131111 13 3331313113 31331 31333131333313 33111311111333131311

11311 31 Μ313. 3331313113113 333 31131 1313333 33 An 3331111311 33333 1111311311
3131 311331133 31351 -133 113 31 11313313 3.111313 31 10 111. ——Ngs 33133. 3.111

 

