,,11-

111· 61 1111 (11111111111111111) 161611 11111111 1211111111611111111111111111-
11161; 1111111 111111111.111ο1111ο161’1, 111 11111161 ι1111111; 61 11. 1111111
111111111611 1111161, 111 1111111111111616161.

011. 28. 11161161111111611111111111 611 11111 1111111111.

Ν 11. 5. 1111111111 1611111. 11111116 1111116111 1111111611. Β. Ι. P.

1111611 1116 111116116 11111111111 111616116111 16116161111 az
11111 111111111111.

11111. 16. 11 61111611111111111111111111 11111111.

11111. 25, A 6111111111 56111161111111111111111111111111 11111116-
111 1111111 16111116111111111111 61 111111111111111.

11111. 26. 1111111111 Π. 1111111111 1111111111611111111111111
1 1111111111 1111116111 1611.

11111. 26. 1611111111) 1111 int 6111111111111111111 16161116-,6111161 11
111111111111111 11 61111116111111111111111111· 111116111111 111161111111116
sito 16111111 1111 ·

11111. 36. At Sttephaneum 1611611611111111111111111111111111111;
1. 1111111111Β1111111111. -.2 Akis Μ111111.

1111131. 6111161111111111116111111111111111161161111111111616-
111161111’ 11 111111111611.

111. 2. 161111111111116116111111111161161111.

1116161111111111111611111611116116111111,Ε11111111111116«
11111111· 111116 1 1111111111 111161111111111111111111116 11111111.

Febr. 12. 1111111111 1111111111 1111111111 1111111111 1111111611. 11.
611111111111111111111111111111111 61 11111611 1111111116 1111111111-
11111111111 11161111111111111. 11. Ι. P.

Febr. 18. 1111111666111 11111116111111111 1111111111.

Febr. 21. A Stephaneum 111 1111111111 1616116111111111111161111- ’“

’ 111 116111116111, 11111111 111111ε ,61 11111 61 1 111111161,“ 11111161
1111111 3 1111.

Febr. 26.,11 6111111111] ΙΙΙ. 11111111 1 11111111 11111 1111-
11161161 111 ,161116116111“ 1111111 1111116111] lepte 1111 1111111111 16161-
1611.

g 1111111. 11. A 11. 16611111 11111111111111 1116116111 1111111 11111-
11111111 1111611161111111 1 1111111111 11111161 6111111111111111111111111111.

Apr. 5. Kiosztattak 1111611111 61111161.

. Apr. 16. 161161111111111111111116661111ΙΠ. 11611111 1161111111.

Apr. 19. Az 116111161166 sz. 1161111 61161111116 111116116611.
11611111.

Apr. 26. 16111611111111111111611111611 1111111111111 111111111111.

M6J'. 10. Az 1116111 1111111 111111 1 11611111111111 111111, 1111
Μ1111 Anna, Ι. 1111111111 11. kir. Fels6ge bold. 1116111 11111611 1111111-
111166 Requiem-en Jelen 111111.

J , MAJ'. 16. 1111111111611111611111111111111116111.

M6J'. 18. Ngos 61 161. 61. 1111111 1111611 1611111 111111111 161111-
111611 161161 1111 11111111116161 16111161 11111.

11111. 2611111. dr. Say 1161111 111111111111111111611111116611 11·,
11111111111111111 16111111161 111111.

11111. 26 111111111111111111111 1111111621-1111111111111111111161116
Μ11161 IV. 1111111111111111111116111111111111111 111166111111116111111111-
16111111).

11111. 1111111111111111111111111. 16111. 11111111111616161111
111611 111 111611-1116611111 1111111 11 11161111 6111111111111.

 

